Ι mmm-¹¹1²· (96611191

91. fluam 11111. 016. 1999. Roma M
699. -111661116111111111161116111111111, 11111111, 1
661, 1611111111 ““ ,1111111666 phanum, 61116111, nun*
111166116611-6,1611116611611 611116116611166, ajat&
11611666611116111611111196611661161111166161 “
916661 1161.
96. 9111111161 11111 11 6611111461. 1666.
1161161666.1.117..01116 1111616,111161
166ω61161111661661ώ6ω611161 161111111616 6 . J
[1161661611 611611111 6611661 1116111111, 6611611ῠή611,
661611116111616666111 1166111, 61661611 166116116611
“ 16616111 111 6616111611, 6111 6196661111-ι 061116
1611 111111116 61116 (611111.) 611111 16161161. (116616
111119. 61616 111111.. 111 161111111111 61161111 661111 ’“
unum 111111. (1111111.) 9661116 1611111111 111161 11
11611 6116111661111 1161161161161 6611611611611661. .1.
mssfi. RnwmnnminM 1303. 1111..
11611 mum· ,ewam 16611011 ssmmerqffl,
1666666111,111161 11116161 616111 166616666611 66111111
666611111611611, 6666616116611111111661111 66161111
11191.- (1111161611. - 066111 1166161,111161
6 16111, 111161 6166161 911111116161611, .. ³¹
munitium-approximate, 16111161 1111116, , =
111611. 916161 11161116. (1)·1661111116 juxt· 1166161116 ’
111611619.1611111161116,116661 61611 1111161611 161111 61
1116116116611161111111.(1.1611.) 06 61611661 61 666661
911666161161611111611616, 111 1611111 16611 61111116
( 6611.)
17.9..61111666116166111166116116111161.611 ,
1611661.1761.116611-.1η1161181.1.191..1.11 1616 >
66111111611116616166116,166111111611,1116-11161611111, . ,
66611611111611161111 6111611111 166161111661 6611661 ’
1·9. 6616611,11116616116611 11111116 1116-11661611111, 61616
1111611 16611111111116161616111161611116116 661611 66616161
mim 66611611166111 61111. 61166. 166. 1919161116 .9.
mumma-01. 10. 1..19 6661111116 enlm
6....61111116166191 1661. ee 16616616
761 119. 1116616116161111661161116 111 1116·1.’
126. 0111116611.)116111.116611111. Sym. 101-661
11611-666111611111,0611161161116161, 61111166 81611611
1666661, 016111661116’). (6.1.)-916611 116611 1611
1116111116 numerum 11111 1111161. (66611111.) (11161111 dnh
16116116161616161. 8611611 1611111 6611616111 neebdfl
1116111. 8111611 1616111161. (116611.) 01611611611116111116116 61

1
·) 016111 61 9166661161. Lina.

 

