INDEX. 717

3 333333 833111. 170.
1333 1133133. 167. 666.

113 Wiud. 179.
1333 wad. 179.

’1331333131 33331313 579.
-7 3331313 586.

- 8313113311 686.

- 33131313 689.

13 memb. 311111. 179. - vespertina 681.
3311311133 113113 110. 333333333313 1133. 80.

33 Nun. 170.
13113 11331 169.

’13313331311333331131113111669.
- 3113111333 11. 13331. 81.

3333 Pm. 171. 666. - 3316133311331. 85.
33 171111. 1336. 170. - 13113111113333311. 110.

3131111313. 166. 666.

31313 Senum. 168.
31313 111111. 168.

- 33113313 Linou. 106.
- 1131131311 97.
- 6336313 Spr. 101.

31313 333. alpino 1166. -— bicolor 88.

31313 7 33311313 113333

3
333 1133331. 170.

seem Pers. 171.

13 11311. 166.
lla Wn'lld. 166.

- 1117333 113331. 13.
- 111333 Roth. 98.

31313 δ33333133311.168. - (73111313 8133313. 61.

- capitata Blume 100.
- 33311313 11311. 108.
- 33313113113 11331. 89.
- 33313313 Mey. 100.

33331131113333311168. - 333131631133 83.

31133333 168.

33313138331111. 169.

3311343163
13333513.
3133 3111313 679.
3313671.
1333311333 678.
13333 689.
1333333 686.
11331313 678.
13 686.

336333 677.
313313 680.
¹8³¹· 681. ’
1313 686.
631313 683.
13113 679.
31133313 683.
313677.

113 671.

1113 671.

31311 678.

3333133331313 581.

113113 689. ·
13313 676.

1333 676.

311333 681.

- 3111313 mm 661.

- 3111313 11. 113331. 81.

- 313311333 Mart. 89.

-33333131133 1311. 93.

·- commelyna 1133331. 98.

- commelynoides 113333. asa.
86. 696.

- congesta 111331. 31 cat 697.

- 3331113113 8133313. 91.

- 33333113113 (733. 89.

- erassula 11313 31 0113 83.

- 331313131339. 109.

- cristata 1131381.

- 3333111313 11311. 107.

- 3333333313 96. 663.

- debilis 113331. 31 lah. 88.

- 1311113 1111111. herb. 88.

-· diophane Willd. 1331. 88·

-discolor 831111. 86.

- 11333333 97.

- 113331133 111331. 91.

- divaricata 1311. 110.

- estun 111331. 89.

- 31335313 Mey. 91.

- 3333131333. 98..

'- sfflffldfl Ἰθμῆηθῶιιωο

·- 11113331311331. 31 Ga& 696.

 

