111 1111111111 (onnam)

bauhta, 1111111111111111111. 11111111 111
111111111111 11111 1111111111 111111 1111 hamu-
11111 1111111. 11111111 1111111111 111111111. (Gaul.)
11111 (1111111111 1111111111, 11111111111111111. &M
111. 0. 1111111 11111111 1111111.

97. 0. 1111111111 1111. 8111111111. 16. 1. Β·
Spa. 9. 11111111. 111111.191.Ι11111.11 8111111. 891 11119.ΙΙ

’ M. 11. 6111. “) 1111111111 1111111111, ‹synnada-3

nm, pedunculos ,11. ...pomona-³ mma·

² 111111 1111111111111111, 11111 11111111. 8111111.,11 -

mn (1.1.. 111. 1,....1111111 .- 11.... 111
ἒιθ. 111111 m 11 11111 . 1. 8111111111

· 8111. 11117. 11111111 1111111, 1111111111 111111 11

11111, 111111111, 11 1111111 11111111 1111111111, 1111111111
11111111111111 1111111111 111111111 11111111111111111

11131111111.Ι 1111111. - 11 11111111 111111111111111111
1111111 rimosum. 1111111111111. 1111111111 1111

· 111111111111111,111111111. Dium 111 0.1111111 1111111

111111 111111111111111111, 11111111111111111, 1111111111
11111111. 110.1111111,111111111111111 111111
11111111,111111111111111111 111111111. (111111.)

119. 0. 1111111111 1111111111. 1. 16. 1. 111
31119. 1931111. .1.979.Ῑ11111 11 811111. ⁸³¹²
11111111 11113111, 11111111111 111111111111111111111111111Ι
11111, 11111111 111111 1111111111-1111111111. Wwa. - (111. 1.
1111111 1111111, 111111, 11111111 111111111111111-1111111111.
111111 111111 11111111111 11111111111111. 11111111 ss·

130. 0.111111111.1111.01111.316.Ε11111
W. 8111. 9. 191. (1111. 9111111.) 111111118111118111.
1111111 1111111111, 1111111111111, 11111 11111111111111111
1111 1111111111 11111111 111111111 11111 111111111111
11111111111111111111111111, 1111111111. 8111111111 -
11111111· 1111111111.1111111113]
111. (111 .)

3'31.q 0. 11111111111111 911111. 1111. 61. m
1111. 31. 111111 11 8111111. 8111. 7. 196. Pom· 1111111111
1111311111, 11111 11111111 111 1111111 1111111, 1111111
11111111111111 11111 111111111111. 8111111111. .:. cap. 1. 1
111111111111111111111, 11111 11111111, 1111111111 11111 11
11111111111111111111111111 1111111111. (111111.) 1
11111 11 0. tenellum 1111. 111111.

139. 0.11111111 Ait. Kew. 1. 110. ed. 9. 9. 917. Ι
spx. 9. 1115.Β11.1118.1.935. Rom 11 8111111. 8111. ’1.

⁹) 81111111 11111111 11111. wind. 1111 1111111111. mm

 

