11111111111111111111. m

199. 111. 11.(111111111 111111111111
β) 11111111 111111 111811111111 11111 1111111111. 111111.
1. 1. 1111111111 speciosus 11111111 11111. 111111.
111 111111111111 Book. 11 Aaou 111 Bos. ⁰f 1111111.
160. (1111 Misi.)

7. 111119. (111111111 elegius Puni.) 11111 111111. 11.
8111111119 178.

0, 111. 30. (1111111111 1111111111ζ111111.)11111 111111. nor.
Boresti-Ameria. 9. 171.

1.111. 99. (0111111111111111111811111) 11111 11111. nor.
Βοὴ-111119. 175.

1. 111. 38. (1111111111 11111111111 111111.) 11111 111111Η11.
Bonas-Ammo. 9. 901.

1111. 10. 1111 [1111111111 1111111111 Misi. 11111

5. ⁸ U. 81111111 111111. 11111111111111111. 171.
1. 189. Foliis 111111, acuminatis, 1111111111, nitidis,
1111111111,11111111,1111111,]111111111 subtus 11 111111
1111111111 pedunculis terminalibus, binis styloque 11111-
111111111111111111111 11111111 11111111 11111111 11111111-
111. 111111. U. 11111111 81111111 111 1111113111. (nec 1111111.)
- 1111111 811111. - 011 111111 1111111111 1111111111 111-ᾖ
1111111111. (111111.)

13. 111. 17. (Ρ11111111 1111111111 Davi) 111111 1111111111
1111111111111111. flor. Bon-Ameria 9171.

8. 111. 17. (Prossriss 1111111111 11111) 11111

(11111111 111111 1111111111, 1111 11111111,1111111111111.
111111 1111111111 obtusissimis 111111111 111111111111
vesosis. 111111. 1. 1.

13. 111. 19. (Ρ11111111 1111311111 Dan.) 11111 1111111 11111-
11111, columbis 111111; β 111111 Norwsy 111111110111-
1111111 111111 Fosi.

Β. 111. 19. ad 1111111 (1111111111 1111111111 11111) 11111
11111111 hus 11111 0111111111 1111111111 md.. App. 1.
10. 11111 111111111111111111111111111. 1111. l· 199. '

11. 111. 17. (1111111111 1111111111 111111111111 8111111111
111111111111. 17. Bos-Ass 9. 173. 1. 188. Β.

11. 111. 19. (1111111111 1111111111 111111.) 11111 Α 1111111-
1111111111]113111.811111111111111ἰ 11011111 11111111οεί-

1111. 111111111111 s.

15. 111. 31. (8111111111 1111111111111101111.) 111111 81111-
1111111111111111111.17.Βο11.·.111. 9. 173. 1. 188. Α.

16.111. 1. (811111111111111111111111 Canii.) 111111 1111111
11111111 ss. Saskaichswau, 1 Γ11111 Nova 11 81111 1111-
111111 usquead 1111111 1111111 1111111111 111111, 111111
1111111 11. Ι(1111111111, 111111111111111 111111 usque sd
11111111111111 11111111111111111111111811111 111 111 111-
11111-11111111111.

111. 111511811111 Quid? Anguillaris iieynisns Wau. 011.
111. .

 

