INDEX. 717

11 1611166111 Rom· 11
11. 599.

1166111 11161111. 693.
11616111 Lodd. 566.
6111 laum. 911.

11 11111111. herb. 571.
1· 1111111. herb. 596.

¹ 611111. 651.

161 11111156.

111111 111111. 573.
1131611611 Rom· 11
1. 607.

,166111 16111. 180.
116111 11611111. 11 1111.

1111 Α11. 606.
116111 Vin. 915.
111111 111111. 573.
mm 11611. 598.
161111 16111. 606.
16111 11111115. 583.
rum 11615. 657.
11161111 Jacq. 581.
111 habili. 919.
111611 199. 666. 667.
161193.

1 191.

” 81111891 61.
11116111 salisb. 65.
heae Endl. 610.

trufis 16611111. 516.
6111611116 861111. 615.

1111111111 mnu. 615.
1111611166 1111. 615.
11661. 193.

11611111 1111111. 500.
1611111 1111111 513.
ι 1111111. 196.

11111 1711111. 510.
ula 111161. 505.
1616 11611. 196.

16 Willd. 191.
116116 1111111. 511.
16 1111111. 199.

16 1111111. 506.

16 1111111. 195.

'a 1111111. 509.

Δ1111111111111616 1111111. 191.

- 661161111166 α 1116111161
1111111. 501.

-· 66111611611161 1111161· 1111111.

- margarilfsem ymimn· 1111111.

- 6111651111 1111111. 608.

-· nigra 11611.195.

- 11611116 1111111. 199.

- 1116163666 1111111, 195.

-11111111116 1711111. 510.

- 11611616 1111111. 501.

- recurva 1111111. 507.

-1111161616 1111111. 510.

- 111616 1711111. 509.

- rigida W 11111. 198.

- 11166111 1111111. 195.

-16161616 wald. 198.

- {melitem 1111111. 513.

- 6116161 1111111. 511. ,

11161ο1ο616111111111. 619.

Arlhropodium 1661166116 8111.

-1111116111 1116611. 699.

- fimbriatum 8161111. 691.

··- 3166616811. 695.

- 1611111611 8111. 575.

-111111166111111 8111. 695.

- 1611611 sich. 593.

- [1111111691.

- 611661 11161111. 691.

—- 11111161 111611. 691.

- auriculum 8111. 576.

- 116116111661 11111611. 619.

- pendulum Cand. 690.

·-· 1665111111 8111. 596.

- 1111116111 11161611. 691.

- umbellam Spr. 696.

mmm [11611 181.

1111111111 61111116Ιί11 666.

- officinalis Lindl. 185.

AsPnonELEAE 980.

1111111611Ιί 1611. 980.

1516661166 1111111111. 660.

6111661111161 11111111111569.

- crosset 111. 569.

- 1116111116 1111111161. 559.

 

